**** Joint 0 : 
  Calibration revision : v12.0.1498805116
  K_tau    tau_avg  Stiction-  Stiction+  TauMax-  TauMax+  Avg. temp. 
  +0.1005   0.1037  -0.05894    +0.05545  -0.1814   0.1741     +40.03

  Ang. vel.    U        I      Temp     Tau       Km 
    -3.20   +23.862   -1.805  +45.74   -0.181   +0.072
    -1.50   +11.271   -1.379  +45.51   -0.139   +0.072
    -0.50    +3.835   -0.934  +44.49   -0.094   +0.070
    -0.01    +0.191   -0.586  +45.21   -0.059   +0.015
    +0.00    +0.000   +0.000   +0.00   +0.000     -nan
    +0.01    +0.190   +0.552  +42.81   +0.055   +0.024
    +0.50    +3.827   +0.944  +45.20   +0.095   +0.070
    +1.50   +11.230   +1.350  +45.53   +0.136   +0.071
    +3.20   +23.754   +1.732  +45.76   +0.174   +0.072
------------------------------------------------------------------

**** Joint 1 : 
  Calibration revision : v12.0.1498805116
  K_tau    tau_avg  Stiction-  Stiction+  TauMax-  TauMax+  Avg. temp. 
  +0.1005   0.1210  -0.06557    +0.06376  -0.2191   0.2099     +40.43

  Ang. vel.    U        I      Temp     Tau       Km 
    -3.20   +23.929   -2.180  +46.30   -0.219   +0.072
    -1.50   +11.300   -1.570  +46.01   -0.158   +0.071
    -0.50    +3.854   -1.053  +44.60   -0.106   +0.070
    -0.01    +0.200   -0.652  +45.90   -0.066   +0.004
    +0.00    +0.000   +0.000   +0.00   +0.000     -nan
    +0.01    +0.198   +0.634  +43.07   +0.064   +0.008
    +0.50    +3.841   +1.063  +45.59   +0.107   +0.070
    +1.50   +11.253   +1.595  +46.07   +0.160   +0.071
    +3.20   +23.760   +2.088  +46.38   +0.210   +0.072
------------------------------------------------------------------

**** Joint 2 : 
  Calibration revision : v12.0.1498805116
  K_tau    tau_avg  Stiction-  Stiction+  TauMax-  TauMax+  Avg. temp. 
  +0.1003   0.1013  -0.04986    +0.04965  -0.1796   0.1827     +39.89

  Ang. vel.    U        I      Temp     Tau       Km 
    -3.20   +23.790   -1.790  +45.39   -0.180   +0.072
    -1.50   +11.235   -1.351  +45.24   -0.136   +0.071
    -0.50    +3.819   -0.884  +44.37   -0.089   +0.070
    -0.01    +0.188   -0.497  +44.64   -0.050   +0.039
    +0.00    +0.000   +0.000   +0.00   +0.000     -nan
    +0.01    +0.189   +0.495  +43.68   +0.050   +0.041
    +0.50    +3.815   +0.891  +45.01   +0.089   +0.070
    +1.50   +11.216   +1.357  +45.24   +0.136   +0.071
    +3.20   +23.731   +1.822  +45.43   +0.183   +0.072
------------------------------------------------------------------

**** Joint 3 : 
  Calibration revision : v12.0.1498805116
  K_tau    tau_avg  Stiction-  Stiction+  TauMax-  TauMax+  Avg. temp. 
  +0.0802   0.0255  -0.01406    +0.01402  -0.0442   0.0432     +39.26

  Ang. vel.    U        I      Temp     Tau       Km 
    -3.20   +18.394   -0.551  +44.59   -0.044   +0.054
    -1.50    +8.792   -0.420  +44.42   -0.034   +0.053
    -0.50    +3.082   -0.302  +43.74   -0.024   +0.051
    -0.01    +0.247   -0.175  +43.95   -0.014   -0.041
    +0.00    +0.000   +0.000   +0.00   +0.000     -nan
    +0.01    +0.245   +0.175  +43.19   +0.014   -0.043
    +0.50    +3.068   +0.292  +44.28   +0.023   +0.051
    +1.50    +8.751   +0.407  +44.53   +0.033   +0.053
    +3.20   +18.300   +0.539  +44.67   +0.043   +0.054
------------------------------------------------------------------

**** Joint 4 : 
  Calibration revision : v12.0.1498805116
  K_tau    tau_avg  Stiction-  Stiction+  TauMax-  TauMax+  Avg. temp. 
  +0.0812   0.0221  -0.01208    +0.01237  -0.0377   0.0371     +38.41

  Ang. vel.    U        I      Temp     Tau       Km 
    -3.20   +18.530   -0.464  +43.58   -0.038   +0.055
    -1.50    +8.841   -0.370  +43.59   -0.030   +0.054
    -0.50    +3.063   -0.253  +43.52   -0.021   +0.052
    -0.01    +0.207   -0.149  +42.00   -0.012   -0.038
    +0.00    +0.000   +0.000   +0.00   +0.000     -nan
    +0.01    +0.226   +0.152  +42.03   +0.012   -0.026
    +0.50    +3.055   +0.247  +43.71   +0.020   +0.052
    +1.50    +8.793   +0.352  +43.60   +0.029   +0.054
    +3.20   +18.433   +0.458  +43.64   +0.037   +0.055
------------------------------------------------------------------

**** Joint 5 : 
  Calibration revision : v12.0.1498805116
  K_tau    tau_avg  Stiction-  Stiction+  TauMax-  TauMax+  Avg. temp. 
  +0.0800   0.0230  -0.01248    +0.01253  -0.0399   0.0393     +39.15

  Ang. vel.    U        I      Temp     Tau       Km 
    -3.20   +18.279   -0.499  +44.36   -0.040   +0.054
    -1.50    +8.716   -0.383  +44.22   -0.031   +0.053
    -0.50    +3.034   -0.269  +43.69   -0.022   +0.051
    -0.01    +0.226   -0.156  +43.71   -0.012   -0.031
    +0.00    +0.000   +0.000   +0.00   +0.000     -nan
    +0.01    +0.225   +0.157  +43.46   +0.013   -0.033
    +0.50    +3.035   +0.275  +44.14   +0.022   +0.051
    +1.50    +8.671   +0.356  +44.29   +0.028   +0.053
    +3.20   +18.207   +0.491  +44.45   +0.039   +0.054
------------------------------------------------------------------

